LATITUDE: 27.276655
LONGITUDE: -101.8567039
TIME_ZONE: 'US/Eastern'
